 # resultados do programa hansr1

#  parametros 
#    tf     tint     rh       prec
 0.900E+03   0.100E-01   0.100E+02   0.100E-07
#    mu     gama    betaP     betaM         rho       sigma
 0.143E-01   0.000E+00   0.000E+00   0.000E+00   0.500E-01   0.730E+00
#     omegaP    omegaM       deltaP    deltaM
 0.250E+00   0.100E+00   0.100E+01   0.100E+01

 trajetoria
  0.0000000E+00   0.9100000E+03   0.9995832E+00   0.0000000E+00   0.6866362E-43   0.0000000E+00   0.2263993E-06   0.6866362E-43
  0.1000000E+00   0.9100000E+03   0.9995832E+00   0.5380986E-42   0.7006492E-43   0.7006492E-43   0.3445986E-06   0.1401298E-42
  0.2000000E+00   0.9100000E+03   0.9995832E+00   0.7581025E-42   0.7146622E-43   0.7146622E-43   0.4582397E-06   0.1429324E-42
  0.3000000E+00   0.9100000E+03   0.9995832E+00   0.9991258E-42   0.7286752E-43   0.7146622E-43   0.5672144E-06   0.1443337E-42
  0.4000000E+00   0.9100000E+03   0.9995832E+00   0.1226136E-41   0.7286752E-43   0.7286752E-43   0.6714934E-06   0.1457350E-42
  0.5000000E+00   0.9100000E+03   0.9995832E+00   0.1474166E-41   0.7426882E-43   0.7426882E-43   0.7710457E-06   0.1485376E-42
  0.6000000E+00   0.9100000E+03   0.9995832E+00   0.1727801E-41   0.7567012E-43   0.7426882E-43   0.8658927E-06   0.1499389E-42
  0.7000000E+00   0.9100000E+03   0.9995832E+00   0.1975831E-41   0.7567012E-43   0.7567012E-43   0.9560652E-06   0.1513402E-42
  0.8000001E+00   0.9100000E+03   0.9995832E+00   0.2236472E-41   0.7707142E-43   0.7567012E-43   0.1041658E-05   0.1527415E-42
  0.9000001E+00   0.9100000E+03   0.9995832E+00   0.2518133E-41   0.7847271E-43   0.7707142E-43   0.1122786E-05   0.1555441E-42
  0.1000000E+01   0.9100000E+03   0.9995832E+00   0.2771768E-41   0.7847271E-43   0.7847271E-43   0.1199532E-05   0.1569454E-42
  0.1100000E+01   0.9100000E+03   0.9995832E+00   0.3059035E-41   0.7987401E-43   0.7847271E-43   0.1272036E-05   0.1583467E-42
  0.1200000E+01   0.9100000E+03   0.9995832E+00   0.3360314E-41   0.8127531E-43   0.7987401E-43   0.1340465E-05   0.1611493E-42
  0.1300000E+01   0.9100000E+03   0.9995832E+00   0.3668599E-41   0.8267661E-43   0.8127531E-43   0.1404962E-05   0.1639519E-42
  0.1400000E+01   0.9100000E+03   0.9995832E+00   0.3929241E-41   0.8267661E-43   0.8127531E-43   0.1465703E-05   0.1639519E-42
  0.1500000E+01   0.9100000E+03   0.9995832E+00   0.4257145E-41   0.8407791E-43   0.8267661E-43   0.1522882E-05   0.1667545E-42
  0.1600000E+01   0.9100000E+03   0.9995832E+00   0.4585049E-41   0.8547921E-43   0.8407791E-43   0.1576586E-05   0.1695571E-42
  0.1700000E+01   0.9100000E+03   0.9995832E+00   0.4925564E-41   0.8688050E-43   0.8547921E-43   0.1627066E-05   0.1723597E-42
  0.1800000E+01   0.9100000E+03   0.9995832E+00   0.5273086E-41   0.8828180E-43   0.8688050E-43   0.1674446E-05   0.1751623E-42
  0.1900000E+01   0.9100000E+03   0.9995832E+00   0.5634621E-41   0.8968310E-43   0.8828180E-43   0.1718904E-05   0.1779649E-42
  0.2000000E+01   0.9100000E+03   0.9995832E+00   0.5989150E-41   0.9108440E-43   0.8828180E-43   0.1760620E-05   0.1793662E-42
  0.2100000E+01   0.9100000E+03   0.9995832E+00   0.6363296E-41   0.9248570E-43   0.8968310E-43   0.1799759E-05   0.1821688E-42
  0.2200000E+01   0.9100000E+03   0.9995832E+00   0.6744450E-41   0.9388700E-43   0.9108440E-43   0.1836414E-05   0.1849714E-42
  0.2300000E+01   0.9100000E+03   0.9995832E+00   0.7139616E-41   0.9528830E-43   0.9248570E-43   0.1870785E-05   0.1877740E-42
  0.2400000E+01   0.9100000E+03   0.9995832E+00   0.7547394E-41   0.9668959E-43   0.9388700E-43   0.1903001E-05   0.1905766E-42
  0.2500000E+01   0.9100000E+03   0.9995832E+00   0.7949566E-41   0.9809089E-43   0.9528830E-43   0.1933155E-05   0.1933792E-42
  0.2600000E+01   0.9100000E+03   0.9995832E+00   0.8369956E-41   0.9949219E-43   0.9668959E-43   0.1961429E-05   0.1961818E-42
  0.2700000E+01   0.9100000E+03   0.9995832E+00   0.8791747E-41   0.1008935E-42   0.9809089E-43   0.1987946E-05   0.1989844E-42
  0.2799999E+01   0.9100000E+03   0.9995832E+00   0.9233156E-41   0.1022948E-42   0.9949219E-43   0.2012770E-05   0.2017870E-42
  0.2899999E+01   0.9100000E+03   0.9995832E+00   0.9809089E-41   0.1050974E-42   0.1022948E-42   0.2036028E-05   0.2073922E-42
  0.2999999E+01   0.9100000E+03   0.9995832E+00   0.1026311E-40   0.1064987E-42   0.1036961E-42   0.2057842E-05   0.2101948E-42
  0.3099999E+01   0.9100000E+03   0.9995832E+00   0.1072974E-40   0.1079000E-42   0.1050974E-42   0.2078288E-05   0.2129974E-42
  0.3199999E+01   0.9100000E+03   0.9995832E+00   0.1132670E-40   0.1107026E-42   0.1064987E-42   0.2097486E-05   0.2172013E-42
  0.3299999E+01   0.9100000E+03   0.9995832E+00   0.1183537E-40   0.1121039E-42   0.1093013E-42   0.2115455E-05   0.2214052E-42
  0.3399999E+01   0.9100000E+03   0.9995832E+00   0.1233703E-40   0.1135052E-42   0.1107026E-42   0.2132360E-05   0.2242078E-42
  0.3499999E+01   0.9100000E+03   0.9995832E+00   0.1297883E-40   0.1163078E-42   0.1121039E-42   0.2148193E-05   0.2284116E-42
  0.3599999E+01   0.9100000E+03   0.9995832E+00   0.1365425E-40   0.1191104E-42   0.1149065E-42   0.2163087E-05   0.2340168E-42
  0.3699999E+01   0.9100000E+03   0.9995832E+00   0.1418254E-40   0.1205117E-42   0.1163078E-42   0.2177068E-05   0.2368194E-42
  0.3799999E+01   0.9100000E+03   0.9995832E+00   0.1489160E-40   0.1233143E-42   0.1191104E-42   0.2190218E-05   0.2424246E-42
  0.3899998E+01   0.9100000E+03   0.9995832E+00   0.1562027E-40   0.1261169E-42   0.1219130E-42   0.2202554E-05   0.2480298E-42
  0.3999998E+01   0.9100000E+03   0.9995832E+00   0.1633634E-40   0.1289195E-42   0.1233143E-42   0.2214187E-05   0.2522337E-42
  0.4099998E+01   0.9100000E+03   0.9995832E+00   0.1709864E-40   0.1317221E-42   0.1261169E-42   0.2225132E-05   0.2578389E-42
  0.4199998E+01   0.9100000E+03   0.9995832E+00   0.1787496E-40   0.1345247E-42   0.1289195E-42   0.2235466E-05   0.2634441E-42
  0.4299998E+01   0.9100000E+03   0.9995832E+00   0.1866670E-40   0.1373272E-42   0.1317221E-42   0.2245174E-05   0.2690493E-42
  0.4399998E+01   0.9100000E+03   0.9995832E+00   0.1948085E-40   0.1401298E-42   0.1345247E-42   0.2254353E-05   0.2746545E-42
  0.4499998E+01   0.9100000E+03   0.9995832E+00   0.2031603E-40   0.1429324E-42   0.1373272E-42   0.2263024E-05   0.2802597E-42
  0.4599998E+01   0.9100000E+03   0.9995832E+00   0.2115961E-40   0.1457350E-42   0.1401298E-42   0.2271192E-05   0.2858649E-42
  0.4699998E+01   0.9100000E+03   0.9995832E+00   0.2679983E-40   0.1653532E-42   0.1583467E-42   0.2278912E-05   0.3236999E-42
  0.4799998E+01   0.9100000E+03   0.9995832E+00   0.7388626E-40   0.3363116E-42   0.3152922E-42   0.2286235E-05   0.6516038E-42
  0.4899998E+01   0.9100000E+03   0.9995832E+00   0.4547242E-39   0.1842707E-41   0.1717992E-41   0.2293167E-05   0.3560699E-41
  0.4999998E+01   0.9100000E+03   0.9995832E+00   0.3287784E-38   0.1298723E-40   0.1197970E-40   0.2299731E-05   0.2496693E-40
  0.5099998E+01   0.9100000E+03   0.9995832E+00   0.2386188E-37   0.9374126E-40   0.8668012E-40   0.2305983E-05   0.1804214E-39
  0.5199997E+01   0.9100000E+03   0.9995832E+00   0.1720248E-36   0.6740400E-39   0.6232597E-39   0.2311888E-05   0.1297300E-38
  0.5299997E+01   0.9100000E+03   0.9995832E+00   0.1230088E-35   0.4807706E-38   0.4445481E-38   0.2317531E-05   0.9253187E-38
  0.5399997E+01   0.9100000E+03   0.9995832E+00   0.8724879E-35   0.3401527E-37   0.3145249E-37   0.2322873E-05   0.6546776E-37
  0.5499997E+01   0.9100000E+03   0.9995832E+00   0.6141193E-34   0.2388292E-36   0.2208354E-36   0.2327980E-05   0.4596645E-36
  0.5599997E+01   0.9100000E+03   0.9995832E+00   0.4288850E-33   0.1663808E-35   0.1538454E-35   0.2332838E-05   0.3202261E-35
  0.5699997E+01   0.9100000E+03   0.9995832E+00   0.2971915E-32   0.1150094E-34   0.1063441E-34   0.2337486E-05   0.2213536E-34
  0.5799997E+01   0.9100000E+03   0.9995832E+00   0.2043503E-31   0.7888863E-34   0.7294500E-34   0.2341913E-05   0.1518336E-33
  0.5899997E+01   0.9100000E+03   0.9995832E+00   0.1394526E-30   0.5370500E-33   0.4965875E-33   0.2346164E-05   0.1033638E-32
  0.5999997E+01   0.9100000E+03   0.9995832E+00   0.9444665E-30   0.3628529E-32   0.3355149E-32   0.2350220E-05   0.6983677E-32
  0.6099997E+01   0.9100000E+03   0.9995832E+00   0.6345810E-29   0.2432168E-31   0.2248924E-31   0.2354120E-05   0.4681092E-31
  0.6199996E+01   0.9100000E+03   0.9995832E+00   0.4231421E-28   0.1617938E-30   0.1496039E-30   0.2357868E-05   0.3113978E-30
  0.6299996E+01   0.9100000E+03   0.9995832E+00   0.2800964E-27   0.1068462E-29   0.9879621E-30   0.2361476E-05   0.2056424E-29
  0.6399996E+01   0.9100000E+03   0.9995832E+00   0.1840768E-26   0.7005394E-29   0.6477586E-29   0.2364946E-05   0.1348298E-28
  0.6499996E+01   0.9100000E+03   0.9995832E+00   0.1201098E-25   0.4560380E-28   0.4216796E-28   0.2368283E-05   0.8777175E-28
  0.6599996E+01   0.9100000E+03   0.9995832E+00   0.7782097E-25   0.2947906E-27   0.2725799E-27   0.2371508E-05   0.5673705E-27
  0.6699996E+01   0.9100000E+03   0.9995832E+00   0.5006833E-24   0.1892264E-26   0.1749696E-26   0.2374624E-05   0.3641960E-26
  0.6799996E+01   0.9100000E+03   0.9995832E+00   0.3199275E-23   0.1206362E-25   0.1115469E-25   0.2377650E-05   0.2321831E-25
  0.6899996E+01   0.9100000E+03   0.9995832E+00   0.2030650E-22   0.7639670E-25   0.7064078E-25   0.2380586E-05   0.1470375E-24
  0.6999996E+01   0.9100000E+03   0.9995832E+00   0.1280515E-21   0.4806661E-24   0.4444516E-24   0.2383408E-05   0.9251177E-24
  0.7099996E+01   0.9100000E+03   0.9995832E+00   0.8021382E-21   0.3004232E-23   0.2777885E-23   0.2386176E-05   0.5782117E-23
  0.7199996E+01   0.9100000E+03   0.9995832E+00   0.4991274E-20   0.1865206E-22   0.1724676E-22   0.2388867E-05   0.3589883E-22
  0.7299995E+01   0.9100000E+03   0.9995832E+00   0.3085377E-19   0.1150432E-21   0.1063755E-21   0.2391446E-05   0.2214187E-21
  0.7399995E+01   0.9100000E+03   0.9995832E+00   0.1894861E-18   0.7049727E-21   0.6518584E-21   0.2394017E-05   0.1356831E-20
  0.7499995E+01   0.9100000E+03   0.9995832E+00   0.1156175E-17   0.4292071E-20   0.3968695E-20   0.2396503E-05   0.8260765E-20
  0.7599995E+01   0.9100000E+03   0.9995832E+00   0.7009604E-17   0.2596514E-19   0.2400885E-19   0.2398958E-05   0.4997399E-19
  0.7699995E+01   0.9100000E+03   0.9995832E+00   0.4222770E-16   0.1560823E-18   0.1443227E-18   0.2401317E-05   0.3004050E-18
  0.7799995E+01   0.9100000E+03   0.9995832E+00   0.2527970E-15   0.9323801E-18   0.8621321E-18   0.2403663E-05   0.1794512E-17
  0.7899995E+01   0.9100000E+03   0.9995832E+00   0.1503905E-14   0.5534921E-17   0.5117906E-17   0.2405979E-05   0.1065283E-16
  0.7999995E+01   0.9100000E+03   0.9995832E+00   0.8891955E-14   0.3265603E-16   0.3019565E-16   0.2408242E-05   0.6285168E-16
  0.8099995E+01   0.9100000E+03   0.9995832E+00   0.5225240E-13   0.1914930E-15   0.1770654E-15   0.2410486E-05   0.3685584E-15
  0.8199995E+01   0.9100000E+03   0.9995832E+00   0.3051982E-12   0.1116129E-14   0.1032036E-14   0.2412746E-05   0.2148165E-14
  0.8299995E+01   0.9100000E+03   0.9995832E+00   0.1771921E-11   0.6466472E-14   0.5979271E-14   0.2415065E-05   0.1244574E-13
  0.8399996E+01   0.9100000E+03   0.9995832E+00   0.1022629E-10   0.3724231E-13   0.3443639E-13   0.2417726E-05   0.7167871E-13
  0.8499996E+01   0.9100000E+03   0.9995832E+00   0.5866901E-10   0.2132201E-12   0.1971555E-12   0.2421779E-05   0.4103756E-12
  0.8599997E+01   0.9100000E+03   0.9995832E+00   0.3346301E-09   0.1213640E-11   0.1122202E-11   0.2431902E-05   0.2335842E-11
  0.8699997E+01   0.9100000E+03   0.9995832E+00   0.1897627E-08   0.6868255E-11   0.6350784E-11   0.2469466E-05   0.1321904E-10
  0.8799997E+01   0.9100000E+03   0.9995830E+00   0.1070001E-07   0.3864875E-10   0.3573685E-10   0.2635005E-05   0.7438561E-10
  0.8899998E+01   0.9100000E+03   0.9995823E+00   0.5999528E-07   0.2162644E-09   0.1999702E-09   0.3410979E-05   0.4162346E-09
  0.8999998E+01   0.9100000E+03   0.9995785E+00   0.3341701E-06   0.1202164E-08   0.1111584E-08   0.7141221E-05   0.2313748E-08
  0.9099998E+01   0.9100000E+03   0.9995708E+00   0.1851531E-05   0.6647487E-08   0.6146645E-08   0.2534448E-04   0.1279413E-07
  0.9199999E+01   0.9100000E+03   0.9995506E+00   0.1018453E-04   0.3649245E-07   0.3374299E-07   0.1147839E-03   0.7023544E-07
  0.9299999E+01   0.9100000E+03   0.9994987E+00   0.5557902E-04   0.1987534E-06   0.1837787E-06   0.5558344E-03   0.3825321E-06
