  0.0000000E+00   0.9100000E+03   0.9995832E+00   0.0000000E+00   0.6866362E-43   0.0000000E+00   0.2263993E-06   0.6866362E-43
  0.1000000E+01   0.9100000E+03   0.9995832E+00   0.2771768E-41   0.7847271E-43   0.7847271E-43   0.1199531E-05   0.1569454E-42
  0.2000000E+01   0.9100000E+03   0.9995832E+00   0.5989150E-41   0.9108440E-43   0.8828180E-43   0.1760620E-05   0.1793662E-42
  0.3000000E+01   0.9100000E+03   0.9995832E+00   0.1026311E-40   0.1064987E-42   0.1036961E-42   0.2057842E-05   0.2101948E-42
  0.4000000E+01   0.9100000E+03   0.9995832E+00   0.1633634E-40   0.1289195E-42   0.1233143E-42   0.2214187E-05   0.2522337E-42
  0.5000000E+01   0.9100000E+03   0.9995832E+00   0.3287916E-38   0.1298723E-40   0.1197970E-40   0.2299731E-05   0.2496693E-40
  0.6000000E+01   0.9100000E+03   0.9995832E+00   0.9445341E-30   0.3628788E-32   0.3355388E-32   0.2350220E-05   0.6984176E-32
  0.7000000E+01   0.9100000E+03   0.9995832E+00   0.1280625E-21   0.4807077E-24   0.4444900E-24   0.2383408E-05   0.9251978E-24
  0.8000000E+01   0.9100000E+03   0.9995832E+00   0.8892758E-14   0.3265898E-16   0.3019836E-16   0.2408243E-05   0.6285734E-16
  0.9000000E+01   0.9100000E+03   0.9995785E+00   0.3341810E-06   0.1202203E-08   0.1111621E-08   0.7141368E-05   0.2313823E-08
  0.1000000E+02   0.9100000E+03   0.9008029E+00   0.6193756E-02   0.2227668E-04   0.2059825E-04   0.9142876E-01   0.4287494E-04
  0.1100000E+02   0.9100000E+03   0.8170540E+00   0.1176728E-01   0.4233947E-04   0.3914943E-04   0.1682012E+00   0.8148891E-04
  0.1200000E+02   0.9100000E+03   0.7487494E+00   0.1605827E-01   0.5778238E-04   0.5342862E-04   0.2311653E+00   0.1112110E-03
  0.1300000E+02   0.9100000E+03   0.6907990E+00   0.1973175E-01   0.7100649E-04   0.6565648E-04   0.2845522E+00   0.1366630E-03
  0.1400000E+02   0.8500000E+03   0.6414867E+00   0.2288189E-01   0.8234214E-04   0.7613832E-04   0.3297572E+00   0.1584805E-03
  0.1500000E+02   0.8500000E+03   0.5987721E+00   0.2566279E-01   0.9234788E-04   0.8539010E-04   0.3693912E+00   0.1777380E-03
  0.1600000E+02   0.7800000E+03   0.5613469E+00   0.2805412E-01   0.1009532E-03   0.9334707E-04   0.4038316E+00   0.1943003E-03
  0.1700000E+02   0.7500000E+03   0.5283251E+00   0.3016409E-01   0.1085460E-03   0.1003678E-03   0.4342197E+00   0.2089138E-03
  0.1800000E+02   0.7200000E+03   0.4989276E+00   0.3200504E-01   0.1151722E-03   0.1064948E-03   0.4611503E+00   0.2216670E-03
  0.1900000E+02   0.6900000E+03   0.4726697E+00   0.3368282E-01   0.1212097E-03   0.1120775E-03   0.4853141E+00   0.2332873E-03
  0.2000000E+02   0.6500000E+03   0.4490350E+00   0.3519300E-01   0.1266449E-03   0.1171025E-03   0.5070089E+00   0.2437474E-03
  0.2100000E+02   0.6300000E+03   0.4276533E+00   0.3655920E-01   0.1315612E-03   0.1216485E-03   0.5266657E+00   0.2532097E-03
  0.2200000E+02   0.6000000E+03   0.4082150E+00   0.3780124E-01   0.1360308E-03   0.1257820E-03   0.5445149E+00   0.2618127E-03
  0.2300000E+02   0.5800000E+03   0.3904671E+00   0.3893526E-01   0.1401116E-03   0.1295553E-03   0.5608213E+00   0.2696669E-03
  0.2400000E+02   0.5600000E+03   0.3741981E+00   0.3997479E-01   0.1438524E-03   0.1330143E-03   0.5757893E+00   0.2768666E-03
  0.2500000E+02   0.5400000E+03   0.3592307E+00   0.4093115E-01   0.1472939E-03   0.1361965E-03   0.5895326E+00   0.2834903E-03
  0.2600000E+02   0.5200000E+03   0.3454145E+00   0.4181396E-01   0.1504707E-03   0.1391339E-03   0.6022233E+00   0.2896046E-03
  0.2700000E+02   0.4700000E+03   0.3326280E+00   0.4265759E-01   0.1535037E-03   0.1419382E-03   0.6140302E+00   0.2954419E-03
  0.2800000E+02   0.4500000E+03   0.3207640E+00   0.4341357E-01   0.1562241E-03   0.1444537E-03   0.6249900E+00   0.3006778E-03
  0.2900000E+02   0.4400000E+03   0.3097114E+00   0.4411861E-01   0.1587612E-03   0.1467996E-03   0.6351861E+00   0.3055608E-03
