  0.0000000E+00   0.5700000E+03   0.2502084E+00   0.0000000E+00   0.8267661E-43   0.0000000E+00   0.7495832E+00   0.8267661E-43
  0.1000000E+01   0.4700000E+03   0.2502084E+00   0.9024362E-42   0.8828180E-43   0.8407791E-43   0.7495832E+00   0.1723597E-42
  0.2000000E+01   0.4700000E+03   0.2498958E+00   0.1547034E-41   0.9108440E-43   0.8407791E-43   0.7504168E+00   0.1751623E-42
  0.3000000E+01   0.5300000E+03   0.2498958E+00   0.2232268E-41   0.9388700E-43   0.8547921E-43   0.7504168E+00   0.1793662E-42
  0.4000000E+01   0.5500000E+03   0.2498958E+00   0.3025403E-41   0.9949219E-43   0.8828180E-43   0.7504168E+00   0.1877740E-42
  0.5000000E+01   0.5500000E+03   0.2498958E+00   0.3800321E-41   0.1022948E-42   0.8828180E-43   0.7504168E+00   0.1905766E-42
  0.6000000E+01   0.5500000E+03   0.2498958E+00   0.4712567E-41   0.1079000E-42   0.8968310E-43   0.7504168E+00   0.1975831E-42
  0.7000000E+01   0.5600000E+03   0.2498958E+00   0.5703285E-41   0.1135052E-42   0.9108440E-43   0.7504168E+00   0.2045896E-42
  0.8000000E+01   0.5600000E+03   0.2498958E+00   0.6758462E-41   0.1191104E-42   0.9248570E-43   0.7504168E+00   0.2115961E-42
  0.9000000E+01   0.5600000E+03   0.2498958E+00   0.1499810E-40   0.1611493E-42   0.1050974E-42   0.7504168E+00   0.2662467E-42
  0.1000000E+02   0.5600000E+03   0.2498958E+00   0.7227926E-39   0.4701356E-41   0.1314418E-41   0.7504168E+00   0.6015774E-41
  0.1100000E+02   0.5600000E+03   0.2498958E+00   0.5133536E-37   0.3262895E-39   0.9067382E-40   0.7504168E+00   0.4169634E-39
  0.1200000E+02   0.5600000E+03   0.2498958E+00   0.3351221E-35   0.2104653E-37   0.5848709E-38   0.7504168E+00   0.2689524E-37
  0.1300000E+02   0.5600000E+03   0.2498958E+00   0.2016805E-33   0.1251975E-35   0.3479152E-36   0.7504168E+00   0.1599890E-35
  0.1400000E+02   0.5600000E+03   0.2498958E+00   0.1123654E-31   0.6897184E-34   0.1916673E-34   0.7504168E+00   0.8813857E-34
  0.1500000E+02   0.5600000E+03   0.2498958E+00   0.5816868E-30   0.3531688E-32   0.9814197E-33   0.7504168E+00   0.4513108E-32
  0.1600000E+02   0.5600000E+03   0.2498958E+00   0.2807173E-28   0.1686353E-30   0.4686185E-31   0.7504168E+00   0.2154971E-30
  0.1700000E+02   0.5600000E+03   0.2498958E+00   0.1268310E-26   0.7540776E-29   0.2095494E-29   0.7504168E+00   0.9636270E-29
  0.1800000E+02   0.5600000E+03   0.2498958E+00   0.5379901E-25   0.3166649E-27   0.8799730E-28   0.7504168E+00   0.4046621E-27
  0.1900000E+02   0.5600000E+03   0.2498958E+00   0.2149151E-23   0.1252680E-25   0.3481023E-26   0.7504168E+00   0.1600783E-25
  0.2000000E+02   0.5600000E+03   0.2498958E+00   0.8109296E-22   0.4681779E-24   0.1300994E-24   0.7504168E+00   0.5982773E-24
  0.2100000E+02   0.5600000E+03   0.2498958E+00   0.2895728E-20   0.1656305E-22   0.4602597E-23   0.7504168E+00   0.2116564E-22
  0.2200000E+02   0.5600000E+03   0.2498958E+00   0.9803150E-19   0.5556440E-21   0.1544049E-21   0.7504168E+00   0.7100489E-21
  0.2300000E+02   0.5600000E+03   0.2498958E+00   0.3155506E-17   0.1772730E-19   0.4926098E-20   0.7504168E+00   0.2265340E-19
  0.2400000E+02   0.5600000E+03   0.2498958E+00   0.9682445E-16   0.5392486E-18   0.1498470E-18   0.7504168E+00   0.6890955E-18
  0.2500000E+02   0.5600000E+03   0.2498958E+00   0.2837205E-14   0.1566777E-16   0.4353760E-17   0.7504168E+00   0.2002153E-16
  0.2600000E+02   0.5600000E+03   0.2498958E+00   0.7950864E-13   0.4354335E-15   0.1209980E-15   0.7504168E+00   0.5564315E-15
  0.2700000E+02   0.5600000E+03   0.2498958E+00   0.2134316E-11   0.1159399E-13   0.3221722E-14   0.7504168E+00   0.1481572E-13
  0.2800000E+02   0.5600000E+03   0.2498958E+00   0.5496189E-10   0.2961932E-12   0.8230546E-13   0.7504168E+00   0.3784987E-12
  0.2900000E+02   0.5700000E+03   0.2498958E+00   0.1280345E-08   0.6846189E-11   0.1902397E-11   0.7504168E+00   0.8748586E-11
  0.3000000E+02   0.5600000E+03   0.2498952E+00   0.3237076E-07   0.1717699E-09   0.4773081E-10   0.7504174E+00   0.2195007E-09
  0.3100000E+02   0.9100000E+03   0.2498838E+00   0.8060280E-05   0.4245112E-07   0.1179612E-07   0.7504222E+00   0.5424724E-07
  0.3200000E+02   0.9100000E+03   0.2407057E+00   0.7975395E-03   0.4205636E-05   0.1168643E-05   0.7582776E+00   0.5374279E-05
  0.3300000E+02   0.9100000E+03   0.2260245E+00   0.1270724E-02   0.6750877E-05   0.1875909E-05   0.7722582E+00   0.8626786E-05
  0.3400000E+02   0.9100000E+03   0.2203693E+00   0.1759742E-02   0.9338903E-05   0.2595057E-05   0.7771193E+00   0.1193396E-04
  0.3500000E+02   0.9100000E+03   0.2133309E+00   0.2074165E-02   0.1101646E-04   0.3061216E-05   0.7836400E+00   0.1407768E-04
  0.3600000E+02   0.9100000E+03   0.2080558E+00   0.2404819E-02   0.1276341E-04   0.3546615E-05   0.7885674E+00   0.1631003E-04
  0.3700000E+02   0.9100000E+03   0.2021550E+00   0.2768864E-02   0.1470009E-04   0.4084782E-05   0.7939050E+00   0.1878487E-04
  0.3800000E+02   0.9100000E+03   0.1966820E+00   0.3049216E-02   0.1619155E-04   0.4499236E-05   0.7989492E+00   0.2069078E-04
  0.3900000E+02   0.9100000E+03   0.1918311E+00   0.3324576E-02   0.1764985E-04   0.4904433E-05   0.8036162E+00   0.2255428E-04
  0.4000000E+02   0.9100000E+03   0.1870694E+00   0.3616225E-02   0.1919700E-04   0.5334429E-05   0.8079205E+00   0.2453142E-04
  0.4100000E+02   0.9100000E+03   0.1824059E+00   0.3882910E-02   0.2061543E-04   0.5728520E-05   0.8120237E+00   0.2634395E-04
  0.4200000E+02   0.9100000E+03   0.1780208E+00   0.4129263E-02   0.2192464E-04   0.6092283E-05   0.8158886E+00   0.2801692E-04
  0.4300000E+02   0.9100000E+03   0.1739390E+00   0.4357116E-02   0.2313262E-04   0.6427998E-05   0.8196676E+00   0.2956061E-04
  0.4400000E+02   0.8800000E+03   0.1699862E+00   0.4583848E-02   0.2433636E-04   0.6762489E-05   0.8233200E+00   0.3109885E-04
  0.4500000E+02   0.8500000E+03   0.1662185E+00   0.4799698E-02   0.2548232E-04   0.7080926E-05   0.8268477E+00   0.3256325E-04
  0.4600000E+02   0.9100000E+03   0.1626109E+00   0.5018480E-02   0.2664344E-04   0.7403584E-05   0.8302366E+00   0.3404702E-04
  0.4700000E+02   0.8900000E+03   0.1591509E+00   0.5216950E-02   0.2769713E-04   0.7696328E-05   0.8334329E+00   0.3539346E-04
  0.4800000E+02   0.8500000E+03   0.1558350E+00   0.5407149E-02   0.2870692E-04   0.7976923E-05   0.8365054E+00   0.3668385E-04
  0.4900000E+02   0.8300000E+03   0.1526545E+00   0.5589586E-02   0.2967550E-04   0.8246068E-05   0.8394757E+00   0.3792157E-04
  0.5000000E+02   0.8100000E+03   0.1496022E+00   0.5764666E-02   0.3060481E-04   0.8504359E-05   0.8423114E+00   0.3910917E-04
  0.5100000E+02   0.7800000E+03   0.1466687E+00   0.5932938E-02   0.3149818E-04   0.8752608E-05   0.8450171E+00   0.4025079E-04
  0.5200000E+02   0.7600000E+03   0.1438479E+00   0.6094738E-02   0.3235719E-04   0.8991306E-05   0.8475920E+00   0.4134850E-04
  0.5300000E+02   0.7500000E+03   0.1411337E+00   0.6250429E-02   0.3318377E-04   0.9220992E-05   0.8500968E+00   0.4240476E-04
  0.5400000E+02   0.7200000E+03   0.1385199E+00   0.6400354E-02   0.3397974E-04   0.9442174E-05   0.8525044E+00   0.4342191E-04
  0.5500000E+02   0.7100000E+03   0.1359990E+00   0.6545063E-02   0.3474802E-04   0.9655660E-05   0.8548096E+00   0.4440368E-04
  0.5600000E+02   0.7000000E+03   0.1335684E+00   0.6684589E-02   0.3548878E-04   0.9861499E-05   0.8570278E+00   0.4535028E-04
  0.5700000E+02   0.6800000E+03   0.1312212E+00   0.6819389E-02   0.3620464E-04   0.1006042E-04   0.8591630E+00   0.4626506E-04
  0.5800000E+02   0.8000000E+03   0.1289565E+00   0.6937339E-02   0.3683151E-04   0.1023459E-04   0.8612305E+00   0.4706610E-04
  0.5900000E+02   0.7900000E+03   0.1267709E+00   0.7062707E-02   0.3749710E-04   0.1041954E-04   0.8632351E+00   0.4791664E-04
  0.6000000E+02   0.7100000E+03   0.1246597E+00   0.7186702E-02   0.3815541E-04   0.1060247E-04   0.8651533E+00   0.4875787E-04
  0.6100000E+02   0.7000000E+03   0.1226166E+00   0.7303874E-02   0.3877749E-04   0.1077533E-04   0.8670248E+00   0.4955281E-04
  0.6200000E+02   0.6900000E+03   0.1206394E+00   0.7417258E-02   0.3937945E-04   0.1094260E-04   0.8688333E+00   0.5032205E-04
  0.6300000E+02   0.6700000E+03   0.1187247E+00   0.7527071E-02   0.3996246E-04   0.1110460E-04   0.8705897E+00   0.5106707E-04
  0.6400000E+02   0.6600000E+03   0.1168700E+00   0.7633441E-02   0.4052719E-04   0.1126153E-04   0.8722912E+00   0.5178872E-04
  0.6500000E+02   0.6500000E+03   0.1150722E+00   0.7736545E-02   0.4107458E-04   0.1141364E-04   0.8739409E+00   0.5248821E-04
  0.6600000E+02   0.6400000E+03   0.1133271E+00   0.7836759E-02   0.4160663E-04   0.1156148E-04   0.8755444E+00   0.5316811E-04
  0.6700000E+02   0.6300000E+03   0.1116357E+00   0.7933772E-02   0.4212168E-04   0.1170460E-04   0.8770975E+00   0.5382628E-04
  0.6800000E+02   0.6200000E+03   0.1099940E+00   0.8027945E-02   0.4262165E-04   0.1184353E-04   0.8786051E+00   0.5446518E-04
  0.6900000E+02   0.6200000E+03   0.1083999E+00   0.8119391E-02   0.4310715E-04   0.1197844E-04   0.8800697E+00   0.5508558E-04
  0.7000000E+02   0.6100000E+03   0.1068512E+00   0.8208234E-02   0.4357882E-04   0.1210951E-04   0.8814930E+00   0.5568833E-04
  0.7100000E+02   0.6000000E+03   0.1053462E+00   0.8294566E-02   0.4403717E-04   0.1223687E-04   0.8828753E+00   0.5627404E-04
  0.7200000E+02   0.5900000E+03   0.1038829E+00   0.8378522E-02   0.4448291E-04   0.1236073E-04   0.8842216E+00   0.5684364E-04
  0.7300000E+02   0.5900000E+03   0.1024594E+00   0.8460208E-02   0.4491659E-04   0.1248124E-04   0.8855343E+00   0.5739783E-04
  0.7400000E+02   0.5800000E+03   0.1010745E+00   0.8539677E-02   0.4533849E-04   0.1259848E-04   0.8868110E+00   0.5793697E-04
  0.7500000E+02   0.5700000E+03   0.9972666E-01   0.8617008E-02   0.4574905E-04   0.1271256E-04   0.8880522E+00   0.5846161E-04
  0.7600000E+02   0.5700000E+03   0.9841412E-01   0.8692328E-02   0.4614894E-04   0.1282368E-04   0.8892539E+00   0.5897262E-04
  0.7700000E+02   0.5600000E+03   0.9713587E-01   0.8765668E-02   0.4653830E-04   0.1293188E-04   0.8904251E+00   0.5947017E-04
  0.7800000E+02   0.5600000E+03   0.9589044E-01   0.8837119E-02   0.4691764E-04   0.1303729E-04   0.8915646E+00   0.5995493E-04
  0.7900000E+02   0.5500000E+03   0.9467660E-01   0.8906751E-02   0.4728733E-04   0.1314001E-04   0.8926730E+00   0.6042734E-04
  0.8000000E+02   0.5500000E+03   0.9349310E-01   0.8974642E-02   0.4764777E-04   0.1324017E-04   0.8937539E+00   0.6088794E-04
  0.8100000E+02   0.5400000E+03   0.9233883E-01   0.9040860E-02   0.4799933E-04   0.1333786E-04   0.8948099E+00   0.6133718E-04
  0.8200000E+02   0.5400000E+03   0.9121270E-01   0.9105461E-02   0.4834230E-04   0.1343316E-04   0.8958429E+00   0.6177546E-04
  0.8300000E+02   0.5300000E+03   0.9011373E-01   0.9168506E-02   0.4867702E-04   0.1352617E-04   0.8968456E+00   0.6220319E-04
  0.8400000E+02   0.5300000E+03   0.8904092E-01   0.9230048E-02   0.4900375E-04   0.1361696E-04   0.8978264E+00   0.6262071E-04
  0.8500000E+02   0.5200000E+03   0.8799339E-01   0.9290136E-02   0.4932276E-04   0.1370561E-04   0.8987854E+00   0.6302838E-04
  0.8600000E+02   0.5200000E+03   0.8697016E-01   0.9348838E-02   0.4963441E-04   0.1379221E-04   0.8997220E+00   0.6342663E-04
  0.8700000E+02   0.5100000E+03   0.8597047E-01   0.9406187E-02   0.4993889E-04   0.1387682E-04   0.9006340E+00   0.6381571E-04
  0.8800000E+02   0.5100000E+03   0.8499350E-01   0.9462232E-02   0.5023644E-04   0.1395950E-04   0.9015256E+00   0.6419594E-04
  0.8900000E+02   0.5100000E+03   0.8403847E-01   0.9517023E-02   0.5052733E-04   0.1404033E-04   0.9024001E+00   0.6456766E-04
  0.9000000E+02   0.5000000E+03   0.8310470E-01   0.9570586E-02   0.5081170E-04   0.1411935E-04   0.9032593E+00   0.6493105E-04
  0.9100000E+02   0.5000000E+03   0.8219135E-01   0.9622991E-02   0.5108993E-04   0.1419666E-04   0.9040954E+00   0.6528659E-04
  0.9200000E+02   0.4900000E+03   0.8129799E-01   0.9674234E-02   0.5136198E-04   0.1427226E-04   0.9049133E+00   0.6563425E-04
  0.9300000E+02   0.4900000E+03   0.8042384E-01   0.9724377E-02   0.5162819E-04   0.1434623E-04   0.9057155E+00   0.6597443E-04
  0.9400000E+02   0.4900000E+03   0.7956828E-01   0.9773452E-02   0.5188874E-04   0.1441863E-04   0.9065048E+00   0.6630737E-04
  0.9500000E+02   0.4800000E+03   0.7873075E-01   0.9821493E-02   0.5214380E-04   0.1448951E-04   0.9072701E+00   0.6663331E-04
  0.9600000E+02   0.4900000E+03   0.7791065E-01   0.9868534E-02   0.5239355E-04   0.1455891E-04   0.9080065E+00   0.6695245E-04
  0.9700000E+02   0.4800000E+03   0.7710746E-01   0.9914607E-02   0.5263814E-04   0.1462688E-04   0.9087355E+00   0.6726502E-04
  0.9800000E+02   0.4800000E+03   0.7632067E-01   0.9959737E-02   0.5287775E-04   0.1469346E-04   0.9094552E+00   0.6757120E-04
  0.9900000E+02   0.4800000E+03   0.7554977E-01   0.1000396E-01   0.5311251E-04   0.1475869E-04   0.9101583E+00   0.6787120E-04